A1	0.72	0.75	0.75	0.75	0.77	0.76	0.74	0.76	0.76	0.78	0.76	0.76	0.76	0.76	0.77	0.77	0.77	0.78	0.81	0.85	0.94	1.09	1.37	1.95	2.99	4.9	8.05	12.43	17.41	21.42	23.93	25.46	26.49	27.15	27.68	28	28.36	28.61	28.79	28.89	29	29.09	29.17	29.28	29.35	29.35	29.37	29.45	29.47	29.46
B1	0.7	0.72	0.73	0.73	0.73	0.74	0.74	0.74	0.89	0.89	0.88	0.89	0.89	0.89	0.89	0.9	0.89	0.92	0.94	0.98	1.06	1.26	1.6	2.28	3.52	5.75	9.34	14.25	19.45	23.6	26.15	27.58	28.61	29.33	29.88	30.28	30.58	30.85	31.04	31.24	31.35	31.45	31.57	31.63	31.71	31.73	31.8	31.85	31.85	31.9
A2	0.69	0.7	0.71	0.72	0.71	0.72	0.72	0.72	0.74	0.72	0.73	0.74	0.73	0.73	0.73	0.74	0.74	0.78	0.79	0.81	0.88	0.99	1.23	1.66	2.5	3.97	6.49	10.1	14.38	18.53	21.68	23.95	25.54	26.71	27.61	28.28	28.89	29.36	29.62	29.9	30.13	30.32	30.49	30.65	30.71	30.83	30.91	31.01	31.07	31.13
B2	0.73	0.76	0.76	0.76	0.77	0.75	0.77	0.77	0.77	0.77	0.77	0.77	0.78	0.78	0.78	0.78	0.78	0.79	0.82	0.84	0.91	1	1.21	1.6	2.36	3.7	5.97	9.19	13.11	16.84	19.71	21.71	23.13	24.22	25.03	25.6	26.11	26.53	26.77	27.04	27.21	27.4	27.59	27.63	27.75	27.8	27.78	27.88	27.97	27.91
A3	0.69	0.71	0.72	0.71	0.71	0.72	0.72	0.71	0.72	0.73	0.72	0.72	0.72	0.71	0.72	0.73	0.73	0.73	0.76	0.76	0.82	0.89	1.03	1.34	1.88	2.87	4.56	7.21	10.59	14.17	17.15	19.51	21.25	22.55	23.57	24.4	24.99	25.54	25.96	26.27	26.63	26.81	27.06	27.17	27.37	27.46	27.59	27.74	27.81	27.86
B3	0.7	0.72	0.72	0.72	0.72	0.73	0.74	0.73	0.73	0.74	0.73	0.73	0.73	0.74	0.74	0.74	0.75	0.76	0.76	0.79	0.82	0.93	1.09	1.41	1.99	3.12	5.01	7.95	11.79	15.82	19.36	21.92	23.93	25.37	26.56	27.4	28.12	28.71	29.15	29.56	29.88	30.15	30.33	30.56	30.73	30.84	30.94	31.03	31.06	31.14
A4	0.85	0.86	0.87	0.88	0.88	0.88	0.89	0.9	0.89	0.89	0.88	0.88	0.91	0.9	0.91	0.9	0.93	0.94	0.98	1.05	1.18	1.43	1.91	2.84	4.54	7.41	11.64	16.92	21.91	25.65	28.13	29.86	31.12	32.05	32.74	33.3	33.75	34.13	34.43	34.63	34.81	35.03	35.12	35.23	35.27	35.34	35.47	35.52	35.53	35.59
B4	0.77	0.8	0.8	0.8	0.82	0.82	0.83	0.84	0.83	0.81	0.82	0.84	0.84	0.84	0.84	0.83	0.86	0.87	0.91	0.99	1.13	1.39	1.92	2.93	4.72	7.73	12.1	17.41	22.23	25.87	28.28	29.87	31.02	31.86	32.52	33.06	33.42	33.73	33.95	34.17	34.35	34.51	34.61	34.7	34.84	34.79	34.87	34.89	34.95	34.97
A5	0.78	0.77	0.79	0.79	0.8	0.8	0.8	0.82	0.81	0.82	0.81	0.83	0.82	0.83	0.83	0.82	0.84	0.86	0.89	0.94	1.05	1.26	1.65	2.43	3.85	6.32	10.07	15	19.92	23.79	26.33	27.97	29.11	29.98	30.62	31.11	31.5	31.75	31.95	32.16	32.33	32.47	32.64	32.67	32.78	32.78	32.81	32.86	32.87	32.9
B5	0.78	0.82	0.81	0.82	0.83	0.84	0.83	0.84	0.83	0.83	0.83	0.84	0.85	0.85	0.85	0.84	0.87	0.88	0.91	0.97	1.07	1.29	1.69	2.47	3.91	6.4	10.26	15.26	20.4	24.46	27.11	28.88	30.07	30.95	31.62	32.05	32.48	32.82	33.04	33.18	33.43	33.59	33.7	33.73	33.78	33.86	33.87	33.93	34	34
A6	0.76	0.78	0.79	0.8	0.8	0.79	0.81	0.8	0.81	0.81	0.8	0.81	0.81	0.82	0.82	0.82	0.83	0.84	0.87	0.91	0.97	1.14	1.43	1.99	3.07	4.99	8.19	12.66	17.88	22.52	25.66	27.75	29.09	30.1	30.8	31.28	31.71	32.03	32.28	32.48	32.65	32.76	32.85	32.89	32.98	33.03	33.14	33.1	33.17	33.12
B6	0.84	0.86	0.87	0.86	0.88	0.88	0.87	0.88	0.88	0.88	0.88	0.88	0.88	0.89	0.9	0.9	0.93	0.96	1.02	1.16	1.43	1.93	2.89	4.65	7.61	11.81	16.82	21.41	24.69	26.76	28.18	29.16	29.84	30.43	30.81	31.08	31.26	31.55	31.67	31.78	31.9	32.02	32.08	32.04	32.11	32.19	32.24	32.15	32.28	32.19
C1	1.04	1.1	1.1	1.09	1.09	1.09	1.11	1.1	1.11	1.12	1.1	1.12	1.12	1.13	1.14	1.14	1.17	1.21	1.28	1.43	1.73	2.27	3.31	5.11	7.89	11.31	14.81	17.63	19.73	21.32	22.59	23.69	24.47	25.12	25.79	26.31	26.74	27.07	27.4	27.7	27.87	28.1	28.29	28.42	28.5	28.68	28.84	28.94	28.98	29.07
D1	1.08	1.12	1.12	1.12	1.12	1.13	1.14	1.14	1.13	1.13	1.13	1.14	1.13	1.13	1.16	1.16	1.2	1.24	1.33	1.52	1.85	2.52	3.73	5.8	8.9	12.66	16.18	18.87	20.9	22.39	23.53	24.53	25.28	25.89	26.48	26.95	27.31	27.63	27.93	28.17	28.3	28.51	28.69	28.86	28.99	29.07	29.17	29.3	29.33	29.42
C2	0.7	0.74	0.74	0.74	0.75	0.75	0.74	0.75	0.75	0.75	0.76	0.75	0.75	0.76	0.78	0.78	0.81	0.87	0.98	1.19	1.62	2.39	3.86	6.35	10.05	14.34	17.75	19.88	21.19	22.18	22.84	23.43	23.86	24.32	24.69	24.98	25.13	25.41	25.62	25.78	25.87	26.04	26.17	26.27	26.36	26.49	26.57	26.63	26.66	26.72
D2	0.72	0.77	0.77	0.77	0.76	0.78	0.77	0.77	0.77	0.78	0.78	0.78	0.78	0.78	0.79	0.81	0.83	0.9	1	1.23	1.64	2.47	3.97	6.53	10.27	14.58	17.91	19.96	21.36	22.25	22.94	23.58	24.02	24.5	24.71	25.06	25.34	25.57	25.77	25.95	26.07	26.21	26.32	26.43	26.53	26.59	26.66	26.81	26.86	26.89
C3	0.78	0.8	0.8	0.82	0.8	0.81	0.82	0.81	0.82	0.82	0.81	0.83	0.82	0.83	0.83	0.83	0.86	0.87	0.92	1.02	1.17	1.5	2.11	3.27	5.2	8.17	11.59	14.52	16.31	17.5	18.35	18.92	19.45	19.85	20.18	20.48	20.76	20.95	21.15	21.29	21.46	21.54	21.67	21.78	21.83	21.91	21.94	22	22.05	22.17
D3	0.8	0.84	0.84	0.85	0.85	0.87	0.86	0.87	0.86	0.86	0.86	0.86	0.87	0.88	0.88	0.89	0.9	0.91	0.96	1.02	1.17	1.43	1.93	2.89	4.6	7.27	10.78	14.15	16.38	17.89	18.87	19.63	20.21	20.67	21.03	21.39	21.67	21.92	22.08	22.31	22.5	22.64	22.82	22.83	22.94	23.06	23.14	23.25	23.26	23.31
C4	1.05	1.09	1.1	1.1	1.1	1.11	1.11	1.11	1.1	1.12	1.12	1.14	1.12	1.14	1.14	1.16	1.23	1.32	1.5	1.87	2.58	3.91	6.2	9.81	14.47	18.8	21.88	23.86	25.25	26.41	27.18	27.87	28.46	28.91	29.28	29.59	29.91	30.17	30.45	30.63	30.75	30.89	31.11	31.17	31.31	31.38	31.5	31.62	31.64	31.79
D4	1.19	1.23	1.24	1.24	1.25	1.24	1.24	1.25	1.24	1.25	1.25	1.26	1.27	1.27	1.28	1.32	1.38	1.48	1.72	2.16	3	4.59	7.3	11.41	16.52	21.18	24.37	26.36	27.88	29.07	30.02	30.62	31.21	31.82	32.19	32.58	32.89	33.19	33.46	33.62	33.79	33.93	34.1	34.27	34.41	34.48	34.65	34.67	34.67	34.77
C5	1.03	1.07	1.07	1.08	1.07	1.06	1.07	1.09	1.08	1.08	1.09	1.09	1.09	1.09	1.12	1.12	1.15	1.21	1.3	1.52	1.9	2.67	4.05	6.41	10.06	14.51	18.38	21.01	22.69	23.95	24.89	25.61	26.18	26.68	27.09	27.43	27.77	28.02	28.19	28.42	28.54	28.81	28.9	28.94	29.08	29.22	29.3	29.38	29.37	29.5
D5	1.12	1.15	1.14	1.15	1.17	1.15	1.15	1.17	1.16	1.19	1.17	1.18	1.18	1.18	1.21	1.21	1.26	1.3	1.43	1.69	2.16	3.07	4.75	7.62	11.9	17.08	21.4	24.28	26.11	27.46	28.44	29.2	29.85	30.39	30.91	31.28	31.49	31.81	32.05	32.34	32.44	32.61	32.82	32.88	33.04	33.11	33.26	33.34	33.36	33.53
C6	1.03	1.06	1.06	1.07	1.06	1.06	1.06	1.08	1.06	1.07	1.08	1.08	1.08	1.1	1.11	1.11	1.17	1.26	1.43	1.75	2.38	3.58	5.62	8.9	13.01	16.87	19.47	21.11	22.19	23.04	23.7	24.19	24.67	25.06	25.34	25.69	25.87	26.1	26.23	26.38	26.52	26.68	26.81	26.93	26.97	27.07	27.13	27.21	27.23	27.25
D6	1.12	1.14	1.15	1.17	1.17	1.16	1.16	1.16	1.17	1.17	1.17	1.17	1.18	1.2	1.2	1.25	1.31	1.42	1.65	2.12	2.99	4.6	7.3	11.22	15.74	19.3	21.63	23.03	24	24.81	25.41	25.93	26.31	26.65	27.04	27.28	27.44	27.66	27.78	27.96	28.07	28.23	28.37	28.41	28.49	28.58	28.64	28.72	28.72	28.77
E1	0.75	0.79	0.79	0.81	0.8	0.81	0.81	0.82	0.81	0.8	0.81	0.81	0.82	0.84	0.82	0.82	0.83	0.84	0.84	0.84	0.84	0.86	0.88	0.92	0.99	1.13	1.36	1.84	2.67	4.18	6.72	10.49	15.5	20.73	25.37	28.97	31.85	34.19	35.93	37.27	38.42	39.3	39.95	40.64	41.01	41.51	41.81	42.08	42.31	42.52
F1	0.76	0.78	0.78	0.79	0.8	0.8	0.8	0.79	0.81	0.8	0.81	0.8	0.8	0.81	0.81	0.81	0.82	0.82	0.82	0.83	0.82	0.83	0.86	0.88	0.92	1.01	1.19	1.52	2.1	3.17	4.99	7.95	12.12	17.11	21.82	25.63	28.73	31	32.88	34.33	35.48	36.36	37.14	37.74	38.21	38.56	38.92	39.23	39.41	39.65
E2	0.84	0.85	0.86	0.86	0.86	0.87	0.88	0.88	0.88	0.87	0.88	0.88	0.88	0.89	0.9	0.88	0.89	0.89	0.91	0.89	0.92	0.96	1	1.09	1.26	1.58	2.17	3.24	5.06	8.07	12.4	17.61	22.71	26.97	30.21	32.85	34.86	36.41	37.64	38.62	39.41	40.09	40.63	40.97	41.37	41.75	42.07	42.21	42.4	42.55
F2	0.63	0.65	0.66	0.67	0.67	0.67	0.66	0.76	0.75	0.77	0.76	0.76	0.75	0.76	0.77	0.77	0.78	0.78	0.78	0.79	0.8	0.83	0.87	0.94	1.12	1.39	1.92	2.89	4.6	7.37	11.29	16.18	20.86	24.74	27.76	30.06	31.96	33.38	34.48	35.39	36.13	36.71	37.2	37.57	38	38.21	38.52	38.66	38.85	39.01
E3	0.48	0.49	0.5	0.5	0.5	0.51	0.51	0.51	0.52	0.52	0.52	0.53	0.53	0.53	0.52	0.54	0.53	0.54	0.54	0.54	0.56	0.55	0.58	0.62	0.7	0.86	1.12	1.61	2.46	3.97	6.22	9.17	12.27	14.97	17.08	18.73	20	21.02	21.83	22.47	22.98	23.42	23.82	24.12	24.4	24.61	24.78	24.98	25.14	25.26
F3	0.56	0.58	0.57	0.59	0.58	0.58	0.6	0.59	0.6	0.59	0.6	0.6	0.6	0.61	0.61	0.61	0.61	0.62	0.62	0.62	0.63	0.65	0.67	0.72	0.8	0.95	1.26	1.79	2.79	4.47	7.12	10.62	14.52	17.94	20.61	22.68	24.3	25.59	26.48	27.2	27.83	28.33	28.79	29.06	29.35	29.55	29.85	30	30.11	30.32
E4	0.53	0.55	0.55	0.55	0.56	0.56	0.57	0.57	0.57	0.57	0.58	0.57	0.57	0.58	0.58	0.58	0.59	0.59	0.59	0.61	0.62	0.65	0.7	0.81	1.03	1.41	2.08	3.28	5.2	8.04	11.33	14.61	17.27	19.44	21.12	22.43	23.43	24.3	24.97	25.52	26.04	26.42	26.77	27.09	27.3	27.58	27.79	27.92	28.07	28.24
F4	0.69	0.72	0.71	0.73	0.73	0.74	0.74	0.73	0.73	0.74	0.73	0.75	0.73	0.74	0.75	0.74	0.75	0.76	0.74	0.78	0.79	0.83	0.9	1.04	1.29	1.77	2.59	4.06	6.42	9.73	13.69	17.43	20.5	22.94	24.89	26.39	27.49	28.4	29.14	29.7	30.28	30.64	30.99	31.26	31.58	31.75	31.95	32.05	32.2	32.31
E5	0.81	0.83	0.84	0.84	0.85	0.84	0.85	0.86	0.85	0.85	0.86	0.87	0.85	0.86	0.87	0.86	0.87	0.88	0.88	0.89	0.9	0.92	0.94	1.02	1.14	1.38	1.78	2.54	3.88	6.11	9.45	13.89	18.5	22.5	25.74	28.27	30.18	31.72	32.94	33.83	34.63	35.27	35.83	36.22	36.61	36.81	37.15	37.29	37.5	37.64
F5	0.97	1	1.02	1.02	1.04	1.01	1.05	1.04	1.03	1.05	1.05	1.05	1.04	1.05	1.04	1.05	1.06	1.05	1.06	1.06	1.07	1.09	1.13	1.19	1.3	1.5	1.92	2.62	3.87	6.02	9.25	13.51	17.97	21.97	24.96	27.43	29.39	30.77	31.9	32.83	33.58	34.15	34.68	35.02	35.43	35.66	35.87	36.1	36.21	36.41
E6	1.01	1.05	1.04	1.05	1.04	1.06	1.04	1.06	1.05	1.07	1.06	1.05	1.06	1.07	1.05	1.06	1.07	1.07	1.09	1.11	1.14	1.18	1.29	1.52	1.89	2.57	3.79	5.83	8.86	12.86	17.17	21.04	24.3	26.98	29.06	30.77	32.07	33.21	34.13	34.82	35.49	36.01	36.52	36.79	37.19	37.48	37.65	37.89	38.03	38.24
F6	0.95	0.98	0.98	0.97	0.99	1	0.99	1	1.01	0.98	0.99	1	1	1	1	0.99	1.01	1.03	1.02	1.04	1.09	1.16	1.32	1.61	2.15	3.08	4.8	7.59	11.67	16.81	21.99	26.35	29.75	32.48	34.6	36.26	37.45	38.5	39.39	39.95	40.54	40.97	41.32	41.63	41.89	42.12	42.31	42.41	42.53	42.67
G1	0.83	0.88	0.88	0.89	0.89	0.89	0.88	0.9	0.89	0.88	0.9	0.89	0.9	0.89	0.9	0.91	0.91	0.91	0.91	0.92	0.94	0.96	0.99	1.09	1.23	1.51	2.01	2.96	4.57	7.22	11	15.73	20.28	23.98	26.75	29.06	30.72	32.08	33.12	33.95	34.67	35.17	35.62	36.08	36.41	36.65	36.37	36.52	36.74	36.85
H1	0.8	0.83	0.84	0.85	0.85	0.85	0.85	0.86	0.84	0.85	0.85	0.85	0.86	0.86	0.86	0.86	0.87	0.86	0.87	0.88	0.89	0.92	0.97	1.08	1.26	1.59	2.21	3.34	5.26	8.23	12.36	17.04	21.3	24.81	27.64	29.83	31.57	32.93	34.04	34.87	35.6	36.2	36.69	37.04	37.38	37.66	37.91	38.07	38.3	38.44
G2	0.83	0.85	0.86	0.86	0.85	0.87	0.87	0.87	0.87	0.86	0.87	0.86	0.87	0.87	0.86	0.88	0.88	0.88	0.88	0.89	0.91	0.93	0.97	1.06	1.21	1.49	2.01	2.97	4.61	7.3	11.19	16.04	20.78	24.68	27.74	30.08	31.94	33.38	34.49	35.39	36.08	36.74	37.24	37.59	37.98	38.18	38.36	38.65	38.73	38.88
H2	0.82	0.86	0.86	0.87	0.86	0.87	0.87	0.88	0.87	0.88	0.88	0.88	0.88	0.88	0.88	0.89	0.89	0.89	0.89	0.9	0.92	0.94	0.99	1.05	1.2	1.45	1.95	2.85	4.43	7.09	11.14	16.44	21.97	26.6	30.29	33.11	35.21	36.88	38.21	39.19	40.08	40.7	41.28	41.72	42.14	42.45	42.72	42.92	43.08	43.23
G3	0.58	0.59	0.6	0.59	0.6	0.6	0.6	0.6	0.61	0.59	0.6	0.61	0.61	0.61	0.61	0.61	0.62	0.62	0.62	0.63	0.64	0.66	0.69	0.75	0.87	1.1	1.53	2.28	3.63	5.81	8.98	12.78	16.4	19.33	21.45	23.11	24.39	25.36	26.05	26.64	27.15	27.47	27.84	28.14	28.32	28.46	28.63	28.77	28.86	28.99
H3	0.58	0.59	0.6	0.61	0.61	0.62	0.6	0.62	0.62	0.63	0.62	0.62	0.63	0.64	0.63	0.64	0.64	0.65	0.65	0.66	0.68	0.72	0.76	0.85	1.04	1.38	1.98	3.1	4.93	7.7	11.29	15.07	18.16	20.63	22.45	23.86	24.97	25.83	26.51	29.46	29.98	30.29	30.59	30.83	31.06	31.18	31.31	31.38	31.47	31.53
G4	0.67	0.7	0.68	0.7	0.71	0.71	0.71	0.72	0.72	0.71	0.72	0.72	0.72	0.72	0.73	0.71	0.72	0.73	0.73	0.74	0.74	0.77	0.79	0.85	0.96	1.14	1.51	2.18	3.36	5.38	8.43	12.59	17.11	21.12	24.16	26.48	28.32	29.69	30.84	31.6	32.37	32.87	33.37	33.74	33.99	34.28	34.44	34.7	34.81	34.95
H4	0.64	0.66	0.66	0.66	0.67	0.67	0.67	0.69	0.68	0.68	0.68	0.68	0.68	0.68	0.67	0.69	0.7	0.7	0.7	0.71	0.7	0.72	0.77	0.83	0.96	1.19	1.62	2.39	3.74	5.92	9.04	12.81	16.36	19.22	21.46	23.16	24.47	25.55	26.37	27.02	27.55	28.05	28.37	28.73	28.94	29.16	29.33	29.48	29.64	29.75
G5	0.53	0.54	0.56	0.56	0.56	0.56	0.56	0.57	0.57	0.58	0.57	0.58	0.57	0.58	0.58	0.57	0.59	0.59	0.59	0.61	0.62	0.65	0.71	0.79	0.98	1.32	1.93	2.99	4.76	7.33	10.42	13.43	15.84	17.7	19.14	20.29	21.11	21.8	22.4	22.8	23.15	23.47	23.73	23.94	24.13	24.29	24.44	24.57	24.67	24.76
H5	0.72	0.73	0.74	0.75	0.76	0.75	0.76	0.77	0.76	0.77	0.78	0.78	0.78	0.77	0.78	0.79	0.79	0.79	0.79	0.8	0.84	0.86	0.95	1.05	1.3	1.7	2.48	3.86	6.09	9.44	13.66	17.8	21.27	23.96	26.07	27.7	29	30.03	30.84	31.5	32.07	32.59	32.98	33.33	33.64	33.95	34.15	34.41	34.59	34.81
G6	0.74	0.76	0.76	0.77	0.78	0.78	0.77	0.78	0.77	0.79	0.77	0.78	0.78	0.78	0.78	0.78	0.79	0.79	0.79	0.8	0.82	0.85	0.9	1.02	1.21	1.56	2.23	3.4	5.35	8.22	11.9	15.58	18.66	21.05	22.9	24.27	25.41	26.27	26.89	27.43	27.85	28.21	28.52	28.79	28.98	29.13	29.28	29.4	29.55	29.57
H6	0.49	0.51	0.51	0.52	0.51	0.52	0.51	0.53	0.53	0.53	0.54	0.53	0.53	0.54	0.53	0.54	0.55	0.56	0.55	0.56	0.58	0.61	0.66	0.74	0.92	1.23	1.78	2.77	4.38	6.77	9.62	12.34	14.6	16.38	17.7	18.84	19.66	20.29	20.9	21.31	21.74	22.04	22.33	22.58	22.79	22.98	23.19	23.31	23.45	23.59
I1	0.53	0.55	0.54	0.54	0.55	0.55	0.56	0.55	0.56	0.55	0.54	0.56	0.56	0.56	0.56	0.56	0.57	0.56	0.58	0.61	0.63	0.72	0.85	1.14	1.65	2.63	4.35	7	10.5	14.22	17.17	19.08	20.38	21.2	21.83	22.23	22.56	22.83	23.06	23.28	23.34	23.48	23.56	23.68	23.64	23.76	23.77	23.81	23.8	23.86
J1	0.61	0.63	0.63	0.63	0.63	0.63	0.63	0.64	0.63	0.64	0.64	0.64	0.63	0.65	0.63	0.65	0.65	0.65	0.66	0.69	0.71	0.75	0.86	1.05	1.41	2.09	3.33	5.36	8.23	11.55	14.53	16.6	17.98	18.96	19.69	20.21	20.6	20.89	21.17	21.37	21.53	21.68	21.8	21.85	22	22.01	22.06	22.15	22.19	22.17
I2	0.62	0.65	0.65	0.65	0.64	0.65	0.65	0.67	0.68	0.66	0.67	0.68	0.67	0.67	0.68	0.68	0.68	0.69	0.67	0.69	0.7	0.72	0.75	0.8	0.92	1.15	1.57	2.37	3.8	6.21	9.82	14.19	18.45	21.64	23.76	25.29	26.3	27.09	27.76	28.17	28.45	28.79	29.02	29.21	29.32	29.44	29.57	29.68	29.79	29.8
J2	0.67	0.67	0.67	0.68	0.69	0.69	0.68	0.69	0.71	0.69	0.69	0.7	0.7	0.71	0.7	0.71	0.71	0.72	0.73	0.72	0.73	0.77	0.81	0.89	1.06	1.38	2	3.09	4.99	7.99	11.92	16.06	19.46	21.83	23.45	24.64	25.46	26.17	26.64	27.05	27.35	27.62	27.82	28.04	28.15	28.24	28.38	28.4	28.55	28.61
I3	0.57	0.59	0.58	0.59	0.6	0.61	0.62	0.69	0.71	0.7	0.71	0.7	0.7	0.71	0.71	0.71	0.73	0.72	0.73	0.74	0.79	0.84	0.95	1.18	1.59	2.41	3.89	6.45	10.2	14.91	19.39	22.69	24.81	26.14	27.13	27.76	28.23	28.75	29.01	29.23	29.43	29.57	29.72	29.81	29.9	29.98	29.98	30.02	30.01	30.15
J3	0.48	0.51	0.51	0.5	0.5	0.52	0.52	0.52	0.52	0.53	0.53	0.52	0.53	0.53	0.54	0.55	0.54	0.55	0.55	0.57	0.59	0.64	0.73	0.9	1.25	1.9	3.08	5.13	8.14	11.88	15.44	18.09	19.74	20.85	21.69	22.23	22.71	23.06	23.36	23.58	23.75	23.98	24.14	24.24	24.38	24.48	24.57	24.6	24.68	24.77
I4	0.69	0.71	0.71	0.72	0.72	0.73	0.73	0.73	0.74	0.74	0.75	0.75	0.75	0.74	0.74	0.74	0.75	0.75	0.76	0.77	0.79	0.81	0.9	1.03	1.3	1.82	2.79	4.52	7.46	11.66	16.68	21.31	24.43	26.46	27.75	28.7	29.28	29.8	30.16	30.38	30.7	30.82	31.02	31.13	31.24	31.24	31.31	31.34	31.45	31.43
J4	0.81	0.82	0.83	0.82	0.84	0.85	0.84	0.86	0.85	0.85	0.86	0.86	0.85	0.86	0.86	0.85	0.87	0.88	0.86	0.88	0.89	0.92	0.96	1.05	1.22	1.54	2.18	3.36	5.39	8.71	13.33	18.56	23.14	26.4	28.53	30.07	31.21	32.04	32.58	33.05	33.43	33.74	33.91	34.15	34.28	34.37	34.51	34.62	34.7	34.75
I5	0.73	0.75	0.75	0.76	0.78	0.77	0.77	0.79	0.77	0.78	0.78	0.78	0.77	0.79	0.79	0.78	0.8	0.81	0.81	0.86	0.93	1.06	1.32	1.82	2.8	4.54	7.44	11.64	16.72	21.31	24.59	26.62	27.99	28.98	29.59	30.22	30.54	30.88	31.17	31.35	31.57	31.6	31.76	31.83	31.82	31.89	31.94	31.98	32.01	32.03
J5	0.6	0.63	0.63	0.63	0.63	0.63	0.63	0.64	0.64	0.64	0.65	0.65	0.66	0.65	0.64	0.65	0.68	0.67	0.69	0.73	0.8	0.95	1.23	1.77	2.79	4.54	7.41	11.25	15.49	18.95	21.28	22.68	23.61	24.32	24.75	25.15	25.47	25.66	25.86	25.92	26.13	26.19	26.29	26.32	26.38	26.35	26.41	26.45	26.49	26.49
I6	0.51	0.51	0.51	0.51	0.51	0.53	0.51	0.53	0.51	0.53	0.51	0.52	0.52	0.53	0.54	0.54	0.54	0.54	0.55	0.56	0.62	0.7	0.85	1.17	1.76	2.84	4.69	7.46	10.92	14.27	16.81	18.43	19.4	20.16	20.7	21.09	21.34	21.61	21.78	21.88	22	22.09	22.15	22.23	22.26	22.33	22.31	22.35	22.38	22.38
J6	0.61	0.63	0.62	0.63	0.64	0.64	0.64	0.64	0.64	0.65	0.65	0.66	0.65	0.65	0.65	0.65	0.66	0.68	0.7	0.73	0.79	0.92	1.18	1.65	2.57	4.22	6.9	10.7	15.2	19.18	21.84	23.54	24.54	25.33	25.91	26.33	26.65	26.86	27.03	27.18	27.32	27.45	27.47	27.51	27.6	27.6	27.66	27.7	27.69	27.7
K1	0.77	0.8	0.8	0.8	0.81	0.81	0.8	0.8	0.8	0.81	0.8	0.81	0.8	0.81	0.83	0.82	0.83	0.85	0.88	0.95	1.08	1.32	1.78	2.65	4.14	6.37	8.97	11.13	12.62	13.63	14.35	14.92	15.36	15.74	16.06	16.36	16.58	16.83	16.96	17.14	17.29	17.4	17.55	17.57	17.72	17.82	17.86	17.91	18.02	18.04
L1	0.84	0.87	0.88	0.87	0.89	0.88	0.89	0.87	0.88	0.88	0.88	0.89	0.88	0.91	0.89	0.9	0.91	0.95	1	1.12	1.37	1.8	2.63	4.15	6.56	9.9	13.37	15.86	17.39	18.38	19.14	19.65	20.14	20.52	20.85	21.16	21.4	21.59	21.75	21.92	22.04	22.16	22.26	22.34	22.44	22.52	22.58	22.64	22.65	22.76
K2	0.94	0.97	0.99	1	0.99	1	1.01	1.01	1.01	1.02	1	1.03	1.02	1.01	1.03	1.03	1.04	1.04	1.07	1.13	1.23	1.41	1.76	2.41	3.6	5.56	8.33	11.51	14.34	16.61	18.33	19.64	20.65	21.49	22.16	22.73	23.26	23.63	23.97	24.32	24.59	24.79	25	25.19	25.38	25.47	25.58	25.71	25.8	25.81
L2	0.91	0.94	0.91	0.93	0.93	0.93	0.95	0.94	0.96	0.95	0.96	0.97	0.96	0.95	0.96	0.96	0.98	0.98	0.98	1.03	1.09	1.22	1.44	1.88	2.7	4.15	6.42	9.53	12.77	15.42	17.44	18.97	20.13	21	21.8	22.4	22.88	23.35	23.68	24.04	24.29	24.49	24.74	24.91	25.08	25.22	25.35	25.47	25.52	25.63
K3	0.76	0.78	0.78	0.78	0.78	0.79	0.8	0.77	0.79	0.79	0.79	0.8	0.8	0.8	0.82	0.81	0.83	0.85	0.89	0.98	1.14	1.47	2.09	3.24	5.19	8.13	11.42	14.2	15.92	17.04	17.84	18.45	18.87	19.36	19.65	19.93	20.12	20.34	20.53	20.69	20.83	20.92	21.09	21.12	21.21	21.32	21.41	21.45	21.49	21.57
L3	0.78	0.81	0.82	0.82	0.81	0.83	0.83	0.82	0.83	0.81	0.82	0.81	0.82	0.83	0.83	0.85	0.85	0.86	0.91	0.99	1.14	1.43	1.98	3.02	4.85	7.63	11.06	14.08	16.06	17.29	18.14	18.79	19.24	19.72	20.11	20.38	20.62	20.82	21.02	21.17	21.33	21.41	21.65	21.66	21.77	21.83	21.92	21.96	22.05	22.01
K4	0.63	0.65	0.65	0.65	0.66	0.65	0.65	0.66	0.66	0.66	0.66	0.67	0.67	0.68	0.67	0.67	0.7	0.73	0.78	0.88	1.09	1.49	2.22	3.6	5.81	8.83	11.83	14	15.24	16.12	16.75	17.23	17.59	17.96	18.2	18.46	18.66	18.78	18.98	19.13	19.27	19.34	19.46	19.52	19.6	19.68	19.72	19.76	19.8	19.89
L4	0.71	0.75	0.75	0.75	0.74	0.75	0.77	0.77	0.76	0.77	0.76	0.76	0.77	0.77	0.77	0.77	0.78	0.81	0.83	0.9	1.02	1.23	1.66	2.48	3.97	6.44	9.87	13.49	16.07	17.6	18.67	19.38	19.93	20.39	20.81	21.1	21.38	21.59	21.81	21.97	22.11	22.26	22.38	22.53	22.61	22.63	22.78	22.84	22.87	22.92
K5	0.72	0.76	0.76	0.76	0.76	0.77	0.76	0.77	0.76	0.77	0.77	0.78	0.78	0.79	0.79	0.8	0.82	0.88	0.97	1.16	1.51	2.17	3.43	5.49	8.56	11.99	14.68	16.34	17.43	18.2	18.83	19.27	19.65	20	20.28	20.54	20.7	20.91	21.06	21.19	21.33	21.4	21.57	21.6	21.68	21.75	21.82	21.9	21.94	21.9
L5	0.6	0.62	0.61	0.62	0.63	0.62	0.63	0.64	0.64	0.64	0.64	0.65	0.64	0.66	0.66	0.68	0.7	0.75	0.82	0.99	1.29	1.88	2.94	4.71	7.26	10	12.08	13.43	14.3	14.98	15.52	15.97	16.31	16.68	16.93	17.18	17.38	17.6	17.77	17.95	18.08	18.24	18.37	18.45	18.63	18.73	18.8	18.92	19.02	19.07
K6	0.59	0.62	0.62	0.61	0.63	0.63	0.62	0.63	0.63	0.63	0.64	0.64	0.63	0.65	0.64	0.66	0.81	0.86	0.93	1.06	1.32	1.84	2.81	4.51	7.19	10.52	13.63	15.68	16.97	17.88	18.51	19.06	19.39	19.78	20.06	20.36	20.49	20.69	20.88	21.02	21.12	21.22	21.35	21.45	21.52	21.56	21.61	21.75	21.72	21.79
L6	0.58	0.6	0.6	0.61	0.61	0.61	0.62	0.61	0.62	0.63	0.64	0.64	0.64	0.64	0.64	0.66	0.68	0.71	0.77	0.88	1.12	1.52	2.3	3.71	5.87	8.6	11.15	12.86	13.93	14.7	15.31	15.83	16.21	16.56	16.87	17.16	17.39	17.59	17.8	17.94	18.11	18.24	18.41	18.5	18.66	18.73	18.88	18.93	19.03	19.13
